Energieeigenwerte:
8.180000
17.800000
29.940000
30.160000
30.170000
30.310000
30.320000
30.370000
42.750000
43.370000
43.380000
44.040000
44.050000
44.660000
44.670000
44.680000
45.120000
45.130000
45.140000
45.150000
45.290000
45.300000
45.310000
55.590000
56.630000
56.640000
57.870000
57.880000
57.890000
57.900000
59.240000
59.250000
59.260000
59.270000
0.000000
0.000000
0.000000
0.000000
0.000000
0.000000
0.000000
0.000000
-11215348914029246174901609529169156833808775208306352860581001842130944.000000
